4 6 3 3
0 1 10
1 2 10
0 2 1
3 0 1
3 1 10
3 2 10
6 7 2 5
5 2 1
2 1 10
1 0 1
3 0 2
3 4 2
3 5 3
5 4 2
5 5 2 4
0 1 1
1 2 2
2 3 3
3 4 4
4 0 5
4 3 2 3
0 1 10
1 2 15
2 3 20
6 9 3 5
0 1 5
1 2 12
1 5 10
2 5 2
2 3 5
3 5 9
5 4 13
3 4 4
4 0 20
6 9 2 5
0 1 5
1 2 12
1 5 10
2 5 2
2 3 5
3 5 9
5 4 13
3 4 4
4 0 20
6 9 5 5
0 1 5
1 2 12
1 5 10
2 5 2
2 3 5
3 5 9
5 4 13
3 4 4
4 0 20
6 9 6 5
0 1 5
1 2 12
1 5 10
2 5 2
2 3 5
3 5 9
5 4 13
3 4 4
4 0 20
6 9 4 5
0 1 5
1 2 12
1 5 10
2 5 2
2 3 5
3 5 9
5 4 13
3 4 4
4 0 20
6 9 2 4
0 1 5
1 2 12
1 5 10
2 5 2
2 3 5
3 5 9
5 4 13
3 4 4
4 0 10
7 11 2 3
1 2 2
0 1 1
0 2 0
1 4 0
2 4 3
2 3 5
4 3 0
4 5 6
3 5 10
5 6 0
6 0 4
7 11 3 5
1 2 2
0 1 1
0 2 0
1 4 0
2 4 3
2 3 5
4 3 0
4 5 6
3 5 10
5 6 0
6 0 4
7 11 5 6
1 2 2
0 1 1
0 2 0
1 4 0
2 4 3
2 3 5
4 3 0
4 5 6
3 5 10
5 6 0
6 0 4
7 11 2 6
1 2 2
0 1 1
0 2 0
1 4 0
2 4 3
2 3 5
4 3 0
4 5 6
3 5 10
5 6 0
6 0 4
7 11 3 3
1 2 2
0 1 1
0 2 0
1 4 0
2 4 3
2 3 5
4 3 0
4 5 6
3 5 10
5 6 0
6 0 4
0 0 0 0